0
8620
49520
30059
34916
14350
3083
44491
44519
61257
25133
34041
54459
2265
3503
34715
43985
504
25128
4380
27361
45009
38600
60978
55456
34533
6027
42856
27263
45954
59660
49952
17200
3110
48241
21511
41461
49573
64950
23943
16190
64394
47361
49373
42699
4763
41396
57981
17872
28601
50234
31309
15583
18016
23545
10912
31885
58830
59587
3969
59289
33065
33836
20908
64662
32374
17442
5946
62114
4833
32815
25175
18159
59889
34718
30438
61669
3282
49908
50477
54253
8216
1039
45119
56903
41259
48250
47542
65502
58235
15283
20075
23004
33638
38740
55443
27006
55150
17650
27224
35213
30666
18823
11687
10074
37465
52588
2166
35026
32669
62612
49041
36346
58377
40951
55185
10470
13943
46840
8547
5963
17995
196
27151
1761
46520
61467
15723
11855
20810
58131
42734
9852
44654
25285
25410
32752
9669
38483
55417
38674
62615
36448
9709
64443
26789
9294
37022
16523
32016
30411
62988
8259
13091
20922
41241
8304
42681
40740
52631
16243
31224
25514
13320
1859
59093
27951
9307
62096
26891
8597
58043
6040
10630
4657
23943
16584
8854
51326
29839
22907
29642
53016
61060
42707
14106
44539
59568
16392
56419
30885
33159
39348
53581
49536
30294
62350
41468
28792
54049
45154
46021
64695
62550
55790
18961
35221
33715
6778
27134
37796
57448
28839
47826
56969
46901
52477
46304
48610
1251
58068
34406
30365
4272
46756
32044
43758
44700
13078
60074
56748
58330
35649
9122
29514
64840
14125
29231
20692
33729
57772
28818
30641
52866
23931
13862
65480
10066
41320
40394
38
57
50683
47668
20918
27376
44729
44602
13452
54817
46461
54311
6196
5356
50071
41260
14015
13995
5312
25482
62402
62100
25550
17643
45363
18615
50914
51372
27687
18491
12712
741
12571
64439
15994
53723
8942
26093
39389
11592
54288
10337
64747
16854
15309
6661
14379
41598
45614
52087
45630
49346
43879
41513
3699
39205
14877
20892
45865
7696
49977
34481
36302
38535
21605
46072
9374
10596
31807
56377
53299
36493
48432
20710
8869
34639
20365
38544
33954
28236
16964
24263
25757
29286
31189
25417
18304
5129
24232
16641
44027
44319
33682
47751
47237
61917
30193
61616
21074
30175
33892
43343
26335
39692
64653
9856
43916
22533
35502
34263
54346
979
17971
42139
35792
60153
17473
63577
16170
55312
45484
29869
53551
1447
10535
46332
46389
28616
38170
49265
64983
45593
18318
49406
11218
278
32486
5237
10688
59200
51315
48935
28602
415
38325
33980
4381
35654
25542
14144
25282
41083
43193
46487
35302
18369
53474
24374
44965
20327
612
6802
34142
50849
14463
3622
4629
10504
47434
19466
3316
31314
29961
34079
29262
9851
18740
54637
45590
37866
44642
21704
3766
64678
35547
108
56113
1923
24743
32090
37761
48429
44522
35145
2332
8028
63791
12339
23024
40248
39821
8253
36233
62525
23392
54927
63850
16975
16484
27810
53285
58847
16029
49849
45539
29613
17277
43615
7639
13734
7450
35847
398
11533
39280
28306
5407
45051
24597
54803
8102
63791
1942
5266
32391
50427
61214
16394
23571
50406
32766
49104
44035
44675
49597
2383
15111
14527
36871
42771
40411
24345
14733
15315
42797
10874
48767
10470
3122
43385
8188
62205
31732
40702
59903
1176
38899
47310
32544
3519
28943
34025
50591
4283
29019
64042
30654
21565
29225
48712
13457
11231
24414
61587
63234
16709
4609
8116
34495
10491
33929
6893
55155
24154
27780
21445
46764
37800
57141
49693
54828
45862
25498
61293
39689
23730
35358
29824
26326
15757
5445
27629
30958
18990
6879
14181
52562
34567
43833
56601
15974
46634
17279
25089
5308
30131
15261
52125
32201
211
17440
43562
27866
12244
63144
8784
52158
62001
11217
39716
4181
22773
19167
33401
54123
54680
47609
21590
52567
41404
2971
2714
10047
50271
4045
34034
60894
14452
13406
5832
45856
46300
32417
17156
46634
24797
13149
15244
28580
30769
56440
64046
29132
2244
34326
2073
49361
38771
53930
21599
15209
35162
28221
26449
64707
63369
55742
56855
20421
9725
65380
41913
30676
61075
45271
53440
35491
37540
10434
61949
53828
10185
2691
22519
7210
6326
33999
1468
36798
56157
33877
44207
48312
45775
1494
12582
43975
22667
4344
9221
60368
14526
24911
38406
10965
1726
45295
49962
46774
5067
38654
60655
60930
28210
33160
54478
60244
39430
47438
34036
32167
10579
63972
37642
17908
34828
45782
43717
6385
35963
40026
43777
32449
37460
38594
28922
9910
32918
47932
2074
3382
34214
21014
2297
16066
7024
25098
36165
39137
40050
61294
50597
33630
31896
42608
45679
26709
31907
31444
46561
35010
18130
39685
18357
46097
34767
61491
15427
27099
39157
51316
60311
44663
53818
34565
15091
9416
58952
16477
42698
315
61339
18046
56281
18280
62420
33215
8057
27294
46038
28606
7060
50213
6544
28919
22582
19468
49652
22185
21677
3644
37565
31804
13270
7502
63856
56664
32234
24078
52752
10630
10458
3783
9781
30678
24944
57916
27796
27017
42684
20207
3941
53375
58830
60261
59064
50467
11193
37516
2058
52644
34224
56468
18167
56984
38461
25505
53209
34451
61597
27528
38003
49097
57724
22157
12422
48702
47116
57618
4775
46539
57611
23553
5888
10553
27315
6319
44218
36872
53285
57554
50422
41630
58756
57569
31882
7410
24739
25076
45062
7978
5034
9391
31303
46439
15599
25623
63957
41208
44644
59553
23750
56311
52055
28107
4817
32679
31712
29540
32746
48547
61136
19669
9581
7210
5264
63734
26751
15624
63123
54624
12981
8485
12865
22225
37728
28854
38383
28369
24131
25056
39331
28146
9751
43923
65236
45749
26394
55659
53710
51996
24527
629
31443
41882
42370
42265
52367
24731
23441
25527
21909
45456
9496
19105
43704
55993
20624
9446
39470
366
60349
25032
33852
22574
17310
19071
54635
8152
41591
3191
30019
24695
10215
49537
43646
755
52094
36761
18917
27234
21012
33725
47131
55185
15197
30475
24469
3279
4840
13268
37106
54496
27693
55022
19205
11875
23431
61219
38629
24186
30347
41146
61897
26594
3308
29154
39055
49042
56636
8586
6853
43602
54617
38096
43162
64360
1239
60391
12758
63422
34281
18271
47173
38697
54860
54704
43247
47872
42142
22907
35054
43526
21196
56964
28992
60161
18132
62376
7683
27264
54814
63082
21819
34484
35125
53617
60943
43444
15940
61699
39108
8259
16186
58114
12857
10679
54789
39480
40846
54965
44018
25661
57102
43736
7576
2
44307
41207
29790
37641
2114
23029
56040
